58.58622572815537
50.45597720322522
63.50275019098564
52.01305158934013
66.5159914909365
67.22332123411971
61.94933244325769
54.83044278353414
51.71534558111438
57.40092265410341
61.94933244325769
42.54901960784313
63.50275019098564
62.80453663270246
58.58622572815537
52.65856149662741
54.83044278353414
51.38461538461545
61.94933244325769
46.787466752929156
63.01416896889099
43.074214616881285
49.05985216317894
61.94933244325769
40.278481012658204
52.52937635898177
69.24369938451565
61.7352564102554
61.94933244325769
62.80453663270246
51.668879885962866
57.40092265410341
49.469696969696926
65.650838306337
61.302421465968365
62.40839080648459
51.95652173913026
62.091318591764875
62.80453663270246
49.06400575332641
43.39792164139265
54.83044278353414
46.241830065359444
61.519609134826574
54.22925848155332
46.117231905892446
61.94933244325769
51.73730764873144
57.653049505874264
56.676369598765014
